24919
41491
40315
38859
48923
53760
54928
10684
8268
31

20933
41442
41337
42047
45707
49609
48079
46645
48940
43180

32834
41500
40852
44738
45139
46391
46749
40041
41298
40530

31502
40553
42261
49367
46318
44813
43247
39194
41554
27792

37556
39969
41664
42322
43611
43192
41967
42846
27918
42088

48998
42356
40538
45857
44660
44740
37950
40485
35808
37476

51823
43796
40437
43545
42959
39838
39567
37166
36378
26223

49060
43294
40818
43860
42166
37572
36673
34556
33906
28893

47919
44552
39707
43222
39602
36476
34024
33631
30375
29126

51656
44216
39803
40229
38558
37104
33494
31222
28799
27818

51257
46188
40956
39303
37878
34914
30440
29667
28781
27849

51171
47028
42339
38629
37638
33470
31576
30490
30075
29241

50237
48847
42973
39982
36154
35157
32235
30654
29511
29226

48157
50143
44371
41159
37986
35345
33297
31954
30293
28662

48495
47955
44992
41609
39340
37573
34321
32542
31046
29448

48050
48644
46122
42917
40382
38008
35507
33873
31893
30805

46797
48123
45520
44759
41722
39464
37232
35386
32878
31196

46889
49634
45887
45087
41830
40444
37930
36705
33960
32420

48111
49404
46284
45474
43185
40948
39145
37750
35545
33746

